%%MatrixMarket matrix coordinate  real general
1767 1767 21099
1 1 1.02035342e+04
4 1 -2.08669409e+03
7 1 -1.97451379e+03
22 1 2.86088943e+01
25 1 -2.12973633e+03
28 1 2.29625759e+01
37 1 -1.97811792e+03
40 1 2.95351849e+01
1201 1 -2.11557813e+03
2 2 1.02035342e+04
5 2 -2.08669409e+03
8 2 -1.97451379e+03
23 2 2.86088943e+01
26 2 -2.12973633e+03
29 2 2.29625759e+01
38 2 -1.97811792e+03
41 2 2.95351849e+01
1202 2 -2.11557813e+03
3 3 1.02035342e+04
6 3 -2.08669409e+03
9 3 -1.97451379e+03
24 3 2.86088943e+01
27 3 -2.12973633e+03
30 3 2.29625759e+01
39 3 -1.97811792e+03
42 3 2.95351849e+01
1203 3 -2.11557813e+03
1 4 -2.08669409e+03
4 4 4.11651709e+03
7 4 -2.11465186e+03
1201 4 8.48291931e+01
2 5 -2.08669409e+03
5 5 4.11651709e+03
8 5 -2.11465186e+03
1202 5 8.48291931e+01
3 6 -2.08669409e+03
6 6 4.11651709e+03
9 6 -2.11465186e+03
1203 6 8.48291931e+01
1 7 -1.97451379e+03
4 7 -2.11465186e+03
7 7 8.26395801e+03
22 7 -2.11135742e+03
37 7 4.21815643e+01
1201 7 -2.17063525e+03
1264 7 6.50186691e+01
2 8 -1.97451379e+03
5 8 -2.11465186e+03
8 8 8.26395801e+03
23 8 -2.11135742e+03
38 8 4.21815643e+01
1202 8 -2.17063525e+03
1265 8 6.50186691e+01
3 9 -1.97451379e+03
6 9 -2.11465186e+03
9 9 8.26395801e+03
24 9 -2.11135742e+03
39 9 4.21815643e+01
1203 9 -2.17063525e+03
1266 9 6.50186691e+01
10 10 4.12414014e+03
76 10 -2.09914331e+03
79 10 1.03907562e+02
85 10 -2.12890454e+03
11 11 4.12414014e+03
77 11 -2.09914331e+03
80 11 1.03907562e+02
86 11 -2.12890454e+03
12 12 4.12414014e+03
78 12 -2.09914331e+03
81 12 1.03907562e+02
87 12 -2.12890454e+03
13 13 6.09517285e+03
223 13 -2.08093188e+03
349 13 3.70257225e+01
1042 13 -2.01440808e+03
1045 13 -2.07088721e+03
1048 13 3.40282288e+01
14 14 6.09517285e+03
224 14 -2.08093188e+03
350 14 3.70257225e+01
1043 14 -2.01440808e+03
1046 14 -2.07088721e+03
1049 14 3.40282288e+01
15 15 6.09517285e+03
225 15 -2.08093188e+03
351 15 3.70257225e+01
1044 15 -2.01440808e+03
1047 15 -2.07088721e+03
1050 15 3.40282288e+01
16 16 1.02077061e+04
19 16 -2.07036523e+03
115 16 -2.17402612e+03
121 16 -2.05817944e+03
124 16 4.34931946e+01
127 16 -2.01638977e+03
130 16 2.75049191e+01
136 16 -2.01003479e+03
1210 16 5.02910080e+01
17 17 1.02077061e+04
20 17 -2.07036523e+03
116 17 -2.17402612e+03
122 17 -2.05817944e+03
125 17 4.34931946e+01
128 17 -2.01638977e+03
131 17 2.75049191e+01
137 17 -2.01003479e+03
1211 17 5.02910080e+01
18 18 1.02077061e+04
21 18 -2.07036523e+03
117 18 -2.17402612e+03
123 18 -2.05817944e+03
126 18 4.34931946e+01
129 18 -2.01638977e+03
132 18 2.75049191e+01
138 18 -2.01003479e+03
1212 18 5.02910080e+01
16 19 -2.07036523e+03
19 19 4.10953467e+03
127 19 -2.11461987e+03
136 19 7.54505615e+01
17 20 -2.07036523e+03
20 20 4.10953467e+03
128 20 -2.11461987e+03
137 20 7.54505615e+01
18 21 -2.07036523e+03
21 21 4.10953467e+03
129 21 -2.11461987e+03
138 21 7.54505615e+01
1 22 2.86088943e+01
7 22 -2.11135742e+03
22 22 8.25777539e+03
40 22 3.12441158e+01
1201 22 -2.02878052e+03
1264 22 -2.17611646e+03
1267 22 1.12140533e+02
1270 22 -2.11351489e+03
2 23 2.86088943e+01
8 23 -2.11135742e+03
23 23 8.25777539e+03
41 23 3.12441158e+01
1202 23 -2.02878052e+03
1265 23 -2.17611646e+03
1268 23 1.12140533e+02
1271 23 -2.11351489e+03
3 24 2.86088943e+01
9 24 -2.11135742e+03
24 24 8.25777539e+03
42 24 3.12441158e+01
1203 24 -2.02878052e+03
1266 24 -2.17611646e+03
1269 24 1.12140533e+02
1272 24 -2.11351489e+03
1 25 -2.12973633e+03
25 25 6.40937988e+03
28 25 -2.15805371e+03
37 25 -2.31512427e+03
1201 25 8.23953247e+01
1396 25 1.11138901e+02
2 26 -2.12973633e+03
26 26 6.40937988e+03
29 26 -2.15805371e+03
38 26 -2.31512427e+03
1202 26 8.23953247e+01
1397 26 1.11138901e+02
3 27 -2.12973633e+03
27 27 6.40937988e+03
30 27 -2.15805371e+03
39 27 -2.31512427e+03
1203 27 8.23953247e+01
1398 27 1.11138901e+02
1 28 2.29625759e+01
25 28 -2.15805371e+03
28 28 8.29344629e+03
37 28 -1.96317847e+03
40 28 3.14872417e+01
1396 28 -2.18706567e+03
1399 28 -2.10907300e+03
1402 28 6.94745636e+01
2 29 2.29625759e+01
26 29 -2.15805371e+03
29 29 8.29344629e+03
38 29 -1.96317847e+03
41 29 3.14872417e+01
1397 29 -2.18706567e+03
1400 29 -2.10907300e+03
1403 29 6.94745636e+01
3 30 2.29625759e+01
27 30 -2.15805371e+03
30 30 8.29344629e+03
39 30 -1.96317847e+03
42 30 3.14872417e+01
1398 30 -2.18706567e+03
1401 30 -2.10907300e+03
1404 30 6.94745636e+01
31 31 8.35536133e+03
67 31 -2.04947705e+03
70 31 -2.12659180e+03
232 31 -2.24289917e+03
235 31 8.30925980e+01
766 31 1.24326096e+02
1159 31 -2.16500415e+03
1639 31 2.11927929e+01
32 32 8.35536133e+03
68 32 -2.04947705e+03
71 32 -2.12659180e+03
233 32 -2.24289917e+03
236 32 8.30925980e+01
767 32 1.24326096e+02
1160 32 -2.16500415e+03
1640 32 2.11927929e+01
33 33 8.35536133e+03
69 33 -2.04947705e+03
72 33 -2.12659180e+03
234 33 -2.24289917e+03
237 33 8.30925980e+01
768 33 1.24326096e+02
1161 33 -2.16500415e+03
1641 33 2.11927929e+01
34 34 1.27036328e+04
46 34 -2.13094824e+03
55 34 -2.21698120e+03
58 34 6.23844414e+01
61 34 -2.13879004e+03
64 34 5.69908981e+01
226 34 4.65858879e+01
349 34 -2.10980322e+03
475 34 5.47412262e+01
1042 34 7.51327057e+01
1048 34 -2.22417212e+03
1078 34 -2.23976270e+03
1132 34 6.09891930e+01
35 35 1.27036328e+04
47 35 -2.13094824e+03
56 35 -2.21698120e+03
59 35 6.23844414e+01
62 35 -2.13879004e+03
65 35 5.69908981e+01
227 35 4.65858879e+01
350 35 -2.10980322e+03
476 35 5.47412262e+01
1043 35 7.51327057e+01
1049 35 -2.22417212e+03
1079 35 -2.23976270e+03
1133 35 6.09891930e+01
36 36 1.27036328e+04
48 36 -2.13094824e+03
57 36 -2.21698120e+03
60 36 6.23844414e+01
63 36 -2.13879004e+03
66 36 5.69908981e+01
228 36 4.65858879e+01
351 36 -2.10980322e+03
477 36 5.47412262e+01
1044 36 7.51327057e+01
1050 36 -2.22417212e+03
1080 36 -2.23976270e+03
1134 36 6.09891930e+01
1 37 -1.97811792e+03
7 37 4.21815643e+01
25 37 -2.31512427e+03
28 37 -1.96317847e+03
37 37 1.26022314e+04
40 37 -2.11574561e+03
43 37 6.82161713e+01
1201 37 -2.19727002e+03
1264 37 4.21247787e+01
1396 37 -2.21885352e+03
1399 37 3.35350800e+01
2 38 -1.97811792e+03
8 38 4.21815643e+01
26 38 -2.31512427e+03
29 38 -1.96317847e+03
38 38 1.26022314e+04
41 38 -2.11574561e+03
44 38 6.82161713e+01
1202 38 -2.19727002e+03
1265 38 4.21247787e+01
1397 38 -2.21885352e+03
1400 38 3.35350800e+01
3 39 -1.97811792e+03
9 39 4.21815643e+01
27 39 -2.31512427e+03
30 39 -1.96317847e+03
39 39 1.26022314e+04
42 39 -2.11574561e+03
45 39 6.82161713e+01
1203 39 -2.19727002e+03
1266 39 4.21247787e+01
1398 39 -2.21885352e+03
1401 39 3.35350800e+01
1 40 2.95351849e+01
22 40 3.12441158e+01
28 40 3.14872417e+01
37 40 -2.11574561e+03
40 40 1.44243955e+04
43 40 -2.17075000e+03
1201 40 -2.07231348e+03
1264 40 -2.12892847e+03
1267 40 7.36232834e+01
1396 40 -2.03591455e+03
1402 40 3.70014343e+01
1408 40 -2.09149878e+03
1411 40 -2.10436743e+03
1651 40 3.60199471e+01
1756 40 5.62111282e+01
2 41 2.95351849e+01
23 41 3.12441158e+01
29 41 3.14872417e+01
38 41 -2.11574561e+03
41 41 1.44243955e+04
44 41 -2.17075000e+03
1202 41 -2.07231348e+03
1265 41 -2.12892847e+03
1268 41 7.36232834e+01
1397 41 -2.03591455e+03
1403 41 3.70014343e+01
1409 41 -2.09149878e+03
1412 41 -2.10436743e+03
1652 41 3.60199471e+01
1757 41 5.62111282e+01
3 42 2.95351849e+01
24 42 3.12441158e+01
30 42 3.14872417e+01
39 42 -2.11574561e+03
42 42 1.44243955e+04
45 42 -2.17075000e+03
1203 42 -2.07231348e+03
1266 42 -2.12892847e+03
1269 42 7.36232834e+01
1398 42 -2.03591455e+03
1404 42 3.70014343e+01
1410 42 -2.09149878e+03
1413 42 -2.10436743e+03
1653 42 3.60199471e+01
1758 42 5.62111282e+01
37 43 6.82161713e+01
40 43 -2.17075000e+03
43 43 1.07407979e+04
1153 43 5.32462425e+01
1396 43 -2.20817627e+03
1399 43 2.86326218e+01
1402 43 -2.26338062e+03
1408 43 -2.23797046e+03
1411 43 5.28067245e+01
1648 43 1.84247375e+02
1651 43 -2.24767041e+03
38 44 6.82161713e+01
41 44 -2.17075000e+03
44 44 1.07407979e+04
1154 44 5.32462425e+01
1397 44 -2.20817627e+03
1400 44 2.86326218e+01
1403 44 -2.26338062e+03
1409 44 -2.23797046e+03
1412 44 5.28067245e+01
1649 44 1.84247375e+02
1652 44 -2.24767041e+03
39 45 6.82161713e+01
42 45 -2.17075000e+03
45 45 1.07407979e+04
1155 45 5.32462425e+01
1398 45 -2.20817627e+03
1401 45 2.86326218e+01
1404 45 -2.26338062e+03
1410 45 -2.23797046e+03
1413 45 5.28067245e+01
1650 45 1.84247375e+02
1653 45 -2.24767041e+03
34 46 -2.13094824e+03
46 46 1.45339141e+04
55 46 6.01775513e+01
61 46 -2.13114795e+03
64 46 -2.06624414e+03
253 46 5.37575493e+01
349 46 3.31700096e+01
475 46 -2.17202148e+03
691 46 -2.06063257e+03
808 46 5.03020477e+01
829 46 3.02825680e+01
1060 46 4.32812309e+01
1078 46 -2.11085254e+03
1135 46 5.98861046e+01
1441 46 -2.19292432e+03
35 47 -2.13094824e+03
47 47 1.45339141e+04
56 47 6.01775513e+01
62 47 -2.13114795e+03
65 47 -2.06624414e+03
254 47 5.37575493e+01
350 47 3.31700096e+01
476 47 -2.17202148e+03
692 47 -2.06063257e+03
809 47 5.03020477e+01
830 47 3.02825680e+01
1061 47 4.32812309e+01
1079 47 -2.11085254e+03
1136 47 5.98861046e+01
1442 47 -2.19292432e+03
36 48 -2.13094824e+03
48 48 1.45339141e+04
57 48 6.01775513e+01
63 48 -2.13114795e+03
66 48 -2.06624414e+03
255 48 5.37575493e+01
351 48 3.31700096e+01
477 48 -2.17202148e+03
693 48 -2.06063257e+03
810 48 5.03020477e+01
831 48 3.02825680e+01
1062 48 4.32812309e+01
1080 48 -2.11085254e+03
1137 48 5.98861046e+01
1443 48 -2.19292432e+03
49 49 1.02351836e+04
52 49 -2.06164819e+03
220 49 -2.15688525e+03
820 49 -2.10314551e+03
1132 49 4.71800652e+01
1135 49 4.74430809e+01
1231 49 -2.00421826e+03
1234 49 2.92823925e+01
1249 49 -2.07208789e+03
1387 49 3.88973045e+01
50 50 1.02351836e+04
53 50 -2.06164819e+03
221 50 -2.15688525e+03
821 50 -2.10314551e+03
1133 50 4.71800652e+01
1136 50 4.74430809e+01
1232 50 -2.00421826e+03
1235 50 2.92823925e+01
1250 50 -2.07208789e+03
1388 50 3.88973045e+01
51 51 1.02351836e+04
54 51 -2.06164819e+03
222 51 -2.15688525e+03
822 51 -2.10314551e+03
1134 51 4.71800652e+01
1137 51 4.74430809e+01
1233 51 -2.00421826e+03
1236 51 2.92823925e+01
1251 51 -2.07208789e+03
1389 51 3.88973045e+01
49 52 -2.06164819e+03
52 52 8.29578906e+03
220 52 -2.24745923e+03
346 52 -2.10737671e+03
349 52 4.84126167e+01
1132 52 -2.06588086e+03
1135 52 6.53036346e+01
1231 52 7.28592377e+01
50 53 -2.06164819e+03
53 53 8.29578906e+03
221 53 -2.24745923e+03
347 53 -2.10737671e+03
350 53 4.84126167e+01
1133 53 -2.06588086e+03
1136 53 6.53036346e+01
1232 53 7.28592377e+01
51 54 -2.06164819e+03
54 54 8.29578906e+03
222 54 -2.24745923e+03
348 54 -2.10737671e+03
351 54 4.84126167e+01
1134 54 -2.06588086e+03
1137 54 6.53036346e+01
1233 54 7.28592377e+01
34 55 -2.21698120e+03
46 55 6.01775513e+01
55 55 1.09783604e+04
58 55 -2.21111792e+03
61 55 -2.34496729e+03
223 55 6.65720062e+01
226 55 -2.15490332e+03
349 55 5.69976311e+01
1048 55 -2.31359253e+03
1060 55 7.94539261e+01
35 56 -2.21698120e+03
47 56 6.01775513e+01
56 56 1.09783604e+04
59 56 -2.21111792e+03
62 56 -2.34496729e+03
224 56 6.65720062e+01
227 56 -2.15490332e+03
350 56 5.69976311e+01
1049 56 -2.31359253e+03
1061 56 7.94539261e+01
36 57 -2.21698120e+03
48 57 6.01775513e+01
57 57 1.09783604e+04
60 57 -2.21111792e+03
63 57 -2.34496729e+03
225 57 6.65720062e+01
228 57 -2.15490332e+03
351 57 5.69976311e+01
1050 57 -2.31359253e+03
1062 57 7.94539261e+01
34 58 6.23844414e+01
55 58 -2.21111792e+03
58 58 8.32284082e+03
61 58 6.79111252e+01
223 58 -2.14251782e+03
226 58 -2.06760352e+03
1042 58 9.74891510e+01
1048 58 -2.12938696e+03
35 59 6.23844414e+01
56 59 -2.21111792e+03
59 59 8.32284082e+03
62 59 6.79111252e+01
224 59 -2.14251782e+03
227 59 -2.06760352e+03
1043 59 9.74891510e+01
1049 59 -2.12938696e+03
36 60 6.23844414e+01
57 60 -2.21111792e+03
60 60 8.32284082e+03
63 60 6.79111252e+01
225 60 -2.14251782e+03
228 60 -2.06760352e+03
1044 60 9.74891510e+01
1050 60 -2.12938696e+03
34 61 -2.13879004e+03
46 61 -2.13114795e+03
55 61 -2.34496729e+03
58 61 6.79111252e+01
61 61 1.27276758e+04
64 61 -2.21039844e+03
226 61 -2.07310303e+03
1048 61 7.17060318e+01
1057 61 4.17758141e+01
1060 61 -2.24771680e+03
1063 61 1.00602112e+02
1078 61 5.36267281e+01
1441 61 8.28261566e+01
35 62 -2.13879004e+03
47 62 -2.13114795e+03
56 62 -2.34496729e+03
59 62 6.79111252e+01
62 62 1.27276758e+04
65 62 -2.21039844e+03
227 62 -2.07310303e+03
1049 62 7.17060318e+01
1058 62 4.17758141e+01
1061 62 -2.24771680e+03
1064 62 1.00602112e+02
1079 62 5.36267281e+01
1442 62 8.28261566e+01
36 63 -2.13879004e+03
48 63 -2.13114795e+03
57 63 -2.34496729e+03
60 63 6.79111252e+01
63 63 1.27276758e+04
66 63 -2.21039844e+03
228 63 -2.07310303e+03
1050 63 7.17060318e+01
1059 63 4.17758141e+01
1062 63 -2.24771680e+03
1065 63 1.00602112e+02
1080 63 5.36267281e+01
1443 63 8.28261566e+01
34 64 5.69908981e+01
46 64 -2.06624414e+03
61 64 -2.21039844e+03
64 64 1.27837500e+04
226 64 4.17915382e+01
253 64 -2.26431836e+03
472 64 9.87898254e+01
691 64 7.43316116e+01
829 64 4.22735710e+01
1057 64 -2.08154541e+03
1060 64 -2.22772412e+03
1417 64 3.31103745e+01
1441 64 -2.28080811e+03
35 65 5.69908981e+01
47 65 -2.06624414e+03
62 65 -2.21039844e+03
65 65 1.27837500e+04
227 65 4.17915382e+01
254 65 -2.26431836e+03
473 65 9.87898254e+01
692 65 7.43316116e+01
830 65 4.22735710e+01
1058 65 -2.08154541e+03
1061 65 -2.22772412e+03
1418 65 3.31103745e+01
1442 65 -2.28080811e+03
36 66 5.69908981e+01
48 66 -2.06624414e+03
63 66 -2.21039844e+03
66 66 1.27837500e+04
228 66 4.17915382e+01
255 66 -2.26431836e+03
474 66 9.87898254e+01
693 66 7.43316116e+01
831 66 4.22735710e+01
1059 66 -2.08154541e+03
1062 66 -2.22772412e+03
1419 66 3.31103745e+01
1443 66 -2.28080811e+03
31 67 -2.04947705e+03
67 67 1.48134902e+04
70 67 3.17228413e+01
232 67 -2.07727075e+03
655 67 -2.25369189e+03
766 67 -2.25233105e+03
769 67 7.65866699e+01
1159 67 -2.40400659e+03
1468 67 1.13593491e+02
1609 67 -2.21709082e+03
1612 67 2.11675930e+01
1615 67 5.15567131e+01
1639 67 -1.85424902e+03
32 68 -2.04947705e+03
68 68 1.48134902e+04
71 68 3.17228413e+01
233 68 -2.07727075e+03
656 68 -2.25369189e+03
767 68 -2.25233105e+03
770 68 7.65866699e+01
1160 68 -2.40400659e+03
1469 68 1.13593491e+02
1610 68 -2.21709082e+03
1613 68 2.11675930e+01
1616 68 5.15567131e+01
1640 68 -1.85424902e+03
33 69 -2.04947705e+03
69 69 1.48134902e+04
72 69 3.17228413e+01
234 69 -2.07727075e+03
657 69 -2.25369189e+03
768 69 -2.25233105e+03
771 69 7.65866699e+01
1161 69 -2.40400659e+03
1470 69 1.13593491e+02
1611 69 -2.21709082e+03
1614 69 2.11675930e+01
1617 69 5.15567131e+01
1641 69 -1.85424902e+03
31 70 -2.12659180e+03
67 70 3.17228413e+01
70 70 8.31486719e+03
76 70 -2.05942432e+03
79 70 6.42788773e+01
229 70 8.00813370e+01
232 70 -2.01335303e+03
235 70 -2.29158179e+03
32 71 -2.12659180e+03
68 71 3.17228413e+01
71 71 8.31486719e+03
77 71 -2.05942432e+03
80 71 6.42788773e+01
230 71 8.00813370e+01
233 71 -2.01335303e+03
236 71 -2.29158179e+03
33 72 -2.12659180e+03
69 72 3.17228413e+01
72 72 8.31486719e+03
78 72 -2.05942432e+03
81 72 6.42788773e+01
231 72 8.00813370e+01
234 72 -2.01335303e+03
237 72 -2.29158179e+03
73 73 6.46944141e+03
82 73 -2.13375146e+03
481 73 -2.44060425e+03
1066 73 1.17677338e+02
1390 73 1.40251984e+02
1393 73 -2.15301489e+03
74 74 6.46944141e+03
83 74 -2.13375146e+03
482 74 -2.44060425e+03
1067 74 1.17677338e+02
1391 74 1.40251984e+02
1394 74 -2.15301489e+03
75 75 6.46944141e+03
84 75 -2.13375146e+03
483 75 -2.44060425e+03
1068 75 1.17677338e+02
1392 75 1.40251984e+02
1395 75 -2.15301489e+03
10 76 -2.09914331e+03
70 76 -2.05942432e+03
76 76 1.02177061e+04
79 76 -2.09095801e+03
82 76 2.73766785e+01
85 76 -1.96365088e+03
229 76 5.20715866e+01
232 76 3.58003273e+01
235 76 -2.11977856e+03
11 77 -2.09914331e+03
71 77 -2.05942432e+03
77 77 1.02177061e+04
80 77 -2.09095801e+03
83 77 2.73766785e+01
86 77 -1.96365088e+03
230 77 5.20715866e+01
233 77 3.58003273e+01
236 77 -2.11977856e+03
12 78 -2.09914331e+03
72 78 -2.05942432e+03
78 78 1.02177061e+04
81 78 -2.09095801e+03
84 78 2.73766785e+01
87 78 -1.96365088e+03
231 78 5.20715866e+01
234 78 3.58003273e+01
237 78 -2.11977856e+03
10 79 1.03907562e+02
70 79 6.42788773e+01
76 79 -2.09095801e+03
79 79 1.26587168e+04
82 79 -2.03771924e+03
85 79 -2.24574414e+03
229 79 -2.13537329e+03
232 79 4.28899765e+01
235 79 -2.27585986e+03
481 79 5.77161980e+01
1066 79 -2.24392578e+03
1660 79 1.02071159e+02
11 80 1.03907562e+02
71 80 6.42788773e+01
77 80 -2.09095801e+03
80 80 1.26587168e+04
83 80 -2.03771924e+03
86 80 -2.24574414e+03
230 80 -2.13537329e+03
233 80 4.28899765e+01
236 80 -2.27585986e+03
482 80 5.77161980e+01
1067 80 -2.24392578e+03
1661 80 1.02071159e+02
12 81 1.03907562e+02
72 81 6.42788773e+01
78 81 -2.09095801e+03
81 81 1.26587168e+04
84 81 -2.03771924e+03
87 81 -2.24574414e+03
231 81 -2.13537329e+03
234 81 4.28899765e+01
237 81 -2.27585986e+03
483 81 5.77161980e+01
1068 81 -2.24392578e+03
1662 81 1.02071159e+02
73 82 -2.13375146e+03
76 82 2.73766785e+01
79 82 -2.03771924e+03
82 82 1.02256523e+04
85 82 -2.09554858e+03
229 82 3.90962639e+01
481 82 -1.95966980e+03
1066 82 -2.11036523e+03
1393 82 2.13106728e+01
1663 82 2.36170177e+01
74 83 -2.13375146e+03
77 83 2.73766785e+01
80 83 -2.03771924e+03
83 83 1.02256523e+04
86 83 -2.09554858e+03
230 83 3.90962639e+01
482 83 -1.95966980e+03
1067 83 -2.11036523e+03
1394 83 2.13106728e+01
1664 83 2.36170177e+01
75 84 -2.13375146e+03
78 84 2.73766785e+01
81 84 -2.03771924e+03
84 84 1.02256523e+04
87 84 -2.09554858e+03
231 84 3.90962639e+01
483 84 -1.95966980e+03
1068 84 -2.11036523e+03
1395 84 2.13106728e+01
1665 84 2.36170177e+01
10 85 -2.12890454e+03
76 85 -1.96365088e+03
79 85 -2.24574414e+03
82 85 -2.09554858e+03
85 85 8.29694141e+03
235 85 7.09067383e+01
1066 85 6.60003128e+01
11 86 -2.12890454e+03
77 86 -1.96365088e+03
80 86 -2.24574414e+03
83 86 -2.09554858e+03
86 86 8.29694141e+03
236 86 7.09067383e+01
1067 86 6.60003128e+01
12 87 -2.12890454e+03
78 87 -1.96365088e+03
81 87 -2.24574414e+03
84 87 -2.09554858e+03
87 87 8.29694141e+03
237 87 7.09067383e+01
1068 87 6.60003128e+01
88 88 8.28454492e+03
91 88 -2.08771143e+03
106 88 7.81686172e+01
115 88 7.43375549e+01
118 88 -2.12909863e+03
121 88 -2.10877515e+03
124 88 -2.15584351e+03
1213 88 4.43783188e+01
89 89 8.28454492e+03
92 89 -2.08771143e+03
107 89 7.81686172e+01
116 89 7.43375549e+01
119 89 -2.12909863e+03
122 89 -2.10877515e+03
125 89 -2.15584351e+03
1214 89 4.43783188e+01
90 90 8.28454492e+03
93 90 -2.08771143e+03
108 90 7.81686172e+01
117 90 7.43375549e+01
120 90 -2.12909863e+03
123 90 -2.10877515e+03
126 90 -2.15584351e+03
1215 90 4.43783188e+01
88 91 -2.08771143e+03
91 91 8.27125684e+03
103 91 8.95765533e+01
109 91 -2.11919629e+03
118 91 -2.17425098e+03
124 91 5.28609581e+01
1213 91 -2.08282104e+03
1624 91 5.02857208e+01
89 92 -2.08771143e+03
92 92 8.27125684e+03
104 92 8.95765533e+01
110 92 -2.11919629e+03
119 92 -2.17425098e+03
125 92 5.28609581e+01
1214 92 -2.08282104e+03
1625 92 5.02857208e+01
90 93 -2.08771143e+03
93 93 8.27125684e+03
105 93 8.95765533e+01
111 93 -2.11919629e+03
120 93 -2.17425098e+03
126 93 5.28609581e+01
1215 93 -2.08282104e+03
1626 93 5.02857208e+01
94 94 1.28389063e+04
97 94 -2.11047754e+03
100 94 -2.19095825e+03
130 94 4.69327736e+01
133 94 -2.22496680e+03
538 94 6.18479919e+01
1081 94 6.46589355e+01
1084 94 -2.03573511e+03
1147 94 -2.01976343e+03
1420 94 -2.53134863e+03
1732 94 1.00903931e+02
95 95 1.28389063e+04
98 95 -2.11047754e+03
101 95 -2.19095825e+03
131 95 4.69327736e+01
134 95 -2.22496680e+03
539 95 6.18479919e+01
1082 95 6.46589355e+01
1085 95 -2.03573511e+03
1148 95 -2.01976343e+03
1421 95 -2.53134863e+03
1733 95 1.00903931e+02
96 96 1.28389063e+04
99 96 -2.11047754e+03
102 96 -2.19095825e+03
132 96 4.69327736e+01
135 96 -2.22496680e+03
540 96 6.18479919e+01
1083 96 6.46589355e+01
1086 96 -2.03573511e+03
1149 96 -2.01976343e+03
1422 96 -2.53134863e+03
1734 96 1.00903931e+02
94 97 -2.11047754e+03
97 97 8.26733301e+03
100 97 -2.09448901e+03
130 97 -2.10756592e+03
133 97 -2.11070020e+03
136 97 5.44295654e+01
1084 97 5.10354118e+01
1147 97 5.04347115e+01
95 98 -2.11047754e+03
98 98 8.26733301e+03
101 98 -2.09448901e+03
131 98 -2.10756592e+03
134 98 -2.11070020e+03
137 98 5.44295654e+01
1085 98 5.10354118e+01
1148 98 5.04347115e+01
96 99 -2.11047754e+03
99 99 8.26733301e+03
102 99 -2.09448901e+03
132 99 -2.10756592e+03
135 99 -2.11070020e+03
138 99 5.44295654e+01
1086 99 5.10354118e+01
1149 99 5.04347115e+01
94 100 -2.19095825e+03
97 100 -2.09448901e+03
100 100 8.29045313e+03
133 100 6.14459610e+01
538 100 -2.09813940e+03
550 100 4.73923492e+01
1147 100 -2.13851074e+03
1420 100 1.22805580e+02
95 101 -2.19095825e+03
98 101 -2.09448901e+03
101 101 8.29045313e+03
134 101 6.14459610e+01
539 101 -2.09813940e+03
551 101 4.73923492e+01
1148 101 -2.13851074e+03
1421 101 1.22805580e+02
96 102 -2.19095825e+03
99 102 -2.09448901e+03
102 102 8.29045313e+03
135 102 6.14459610e+01
540 102 -2.09813940e+03
552 102 4.73923492e+01
1149 102 -2.13851074e+03
1422 102 1.22805580e+02
91 103 8.95765533e+01
103 103 1.12871592e+04
106 103 -2.32252930e+03
118 103 -2.44953418e+03
124 103 8.99658356e+01
694 103 5.58917503e+01
697 103 -2.42637476e+03
946 103 -2.32450146e+03
994 103 8.10422287e+01
1207 103 1.09541557e+02
1213 103 -2.19023853e+03
92 104 8.95765533e+01
104 104 1.12871592e+04
107 104 -2.32252930e+03
119 104 -2.44953418e+03
125 104 8.99658356e+01
695 104 5.58917503e+01
698 104 -2.42637476e+03
947 104 -2.32450146e+03
995 104 8.10422287e+01
1208 104 1.09541557e+02
1214 104 -2.19023853e+03
93 105 8.95765533e+01
105 105 1.12871592e+04
108 105 -2.32252930e+03
120 105 -2.44953418e+03
126 105 8.99658356e+01
696 105 5.58917503e+01
699 105 -2.42637476e+03
948 105 -2.32450146e+03
996 105 8.10422287e+01
1209 105 1.09541557e+02
1215 105 -2.19023853e+03
88 106 7.81686172e+01
103 106 -2.32252930e+03
106 106 1.30302314e+04
115 106 7.56912079e+01
118 106 -2.14262012e+03
124 106 -2.29215381e+03
697 106 7.84731369e+01
943 106 8.26196747e+01
946 106 -2.12980420e+03
1081 106 7.58139420e+01
1207 106 -2.44835522e+03
1210 106 -2.13467554e+03
1213 106 4.91394806e+01
89 107 7.81686172e+01
104 107 -2.32252930e+03
107 107 1.30302314e+04
116 107 7.56912079e+01
119 107 -2.14262012e+03
125 107 -2.29215381e+03
698 107 7.84731369e+01
944 107 8.26196747e+01
947 107 -2.12980420e+03
1082 107 7.58139420e+01
1208 107 -2.44835522e+03
1211 107 -2.13467554e+03
1214 107 4.91394806e+01
90 108 7.81686172e+01
105 108 -2.32252930e+03
108 108 1.30302314e+04
117 108 7.56912079e+01
120 108 -2.14262012e+03
126 108 -2.29215381e+03
699 108 7.84731369e+01
945 108 8.26196747e+01
948 108 -2.12980420e+03
1083 108 7.58139420e+01
1209 108 -2.44835522e+03
1212 108 -2.13467554e+03
1215 108 4.91394806e+01
91 109 -2.11919629e+03
109 109 8.23949316e+03
112 109 -2.09914038e+03
118 109 5.64560204e+01
694 109 3.30945854e+01
1213 109 -2.06478467e+03
1621 109 5.04443130e+01
1624 109 -2.09636670e+03
92 110 -2.11919629e+03
110 110 8.23949316e+03
113 110 -2.09914038e+03
119 110 5.64560204e+01
695 110 3.30945854e+01
1214 110 -2.06478467e+03
1622 110 5.04443130e+01
1625 110 -2.09636670e+03
93 111 -2.11919629e+03
111 111 8.23949316e+03
114 111 -2.09914038e+03
120 111 5.64560204e+01
696 111 3.30945854e+01
1215 111 -2.06478467e+03
1623 111 5.04443130e+01
1626 111 -2.09636670e+03
109 112 -2.09914038e+03
112 112 8.23832910e+03
859 112 5.23715057e+01
937 112 3.26919556e+01
1213 112 4.78013306e+01
1618 112 -2.11070801e+03
1621 112 -2.07239502e+03
1624 112 -2.08895044e+03
110 113 -2.09914038e+03
113 113 8.23832910e+03
860 113 5.23715057e+01
938 113 3.26919556e+01
1214 113 4.78013306e+01
1619 113 -2.11070801e+03
1622 113 -2.07239502e+03
1625 113 -2.08895044e+03
111 114 -2.09914038e+03
114 114 8.23832910e+03
861 114 5.23715057e+01
939 114 3.26919556e+01
1215 114 4.78013306e+01
1620 114 -2.11070801e+03
1623 114 -2.07239502e+03
1626 114 -2.08895044e+03
16 115 -2.17402612e+03
88 115 7.43375549e+01
106 115 7.56912079e+01
115 115 1.08637305e+04
121 115 -2.21048975e+03
124 115 -2.20796313e+03
127 115 8.28045120e+01
136 115 -2.23828223e+03
1081 115 8.16291122e+01
1210 115 -2.34743115e+03
17 116 -2.17402612e+03
89 116 7.43375549e+01
107 116 7.56912079e+01
116 116 1.08637305e+04
122 116 -2.21048975e+03
125 116 -2.20796313e+03
128 116 8.28045120e+01
137 116 -2.23828223e+03
1082 116 8.16291122e+01
1211 116 -2.34743115e+03
18 117 -2.17402612e+03
90 117 7.43375549e+01
108 117 7.56912079e+01
117 117 1.08637305e+04
123 117 -2.21048975e+03
126 117 -2.20796313e+03
129 117 8.28045120e+01
138 117 -2.23828223e+03
1083 117 8.16291122e+01
1212 117 -2.34743115e+03
88 118 -2.12909863e+03
91 118 -2.17425098e+03
103 118 -2.44953418e+03
106 118 -2.14262012e+03
109 118 5.64560204e+01
118 118 1.27815225e+04
121 118 5.28129158e+01
124 118 -2.17041309e+03
697 118 9.39521713e+01
946 118 8.90826950e+01
1210 118 6.16697044e+01
1213 118 -2.06957886e+03
89 119 -2.12909863e+03
92 119 -2.17425098e+03
104 119 -2.44953418e+03
107 119 -2.14262012e+03
110 119 5.64560204e+01
119 119 1.27815225e+04
122 119 5.28129158e+01
125 119 -2.17041309e+03
698 119 9.39521713e+01
947 119 8.90826950e+01
1211 119 6.16697044e+01
1214 119 -2.06957886e+03
90 120 -2.12909863e+03
93 120 -2.17425098e+03
105 120 -2.44953418e+03
108 120 -2.14262012e+03
111 120 5.64560204e+01
120 120 1.27815225e+04
123 120 5.28129158e+01
126 120 -2.17041309e+03
699 120 9.39521713e+01
948 120 8.90826950e+01
1212 120 6.16697044e+01
1215 120 -2.06957886e+03
16 121 -2.05817944e+03
88 121 -2.10877515e+03
115 121 -2.21048975e+03
118 121 5.28129158e+01
121 121 8.28740430e+03
124 121 -2.08131323e+03
136 121 4.77182007e+01
1210 121 7.08218460e+01
17 122 -2.05817944e+03
89 122 -2.10877515e+03
116 122 -2.21048975e+03
119 122 5.28129158e+01
122 122 8.28740430e+03
125 122 -2.08131323e+03
137 122 4.77182007e+01
1211 122 7.08218460e+01
18 123 -2.05817944e+03
90 123 -2.10877515e+03
117 123 -2.21048975e+03
120 123 5.28129158e+01
123 123 8.28740430e+03
126 123 -2.08131323e+03
138 123 4.77182007e+01
1212 123 7.08218460e+01
16 124 4.34931946e+01
88 124 -2.15584351e+03
91 124 5.28609581e+01
103 124 8.99658356e+01
106 124 -2.29215381e+03
115 124 -2.20796313e+03
118 124 -2.17041309e+03
121 124 -2.08131323e+03
124 124 1.27412471e+04
136 124 4.00197601e+01
1207 124 1.08873512e+02
1210 124 -2.16877319e+03
17 125 4.34931946e+01
89 125 -2.15584351e+03
92 125 5.28609581e+01
104 125 8.99658356e+01
107 125 -2.29215381e+03
116 125 -2.20796313e+03
119 125 -2.17041309e+03
122 125 -2.08131323e+03
125 125 1.27412471e+04
137 125 4.00197601e+01
1208 125 1.08873512e+02
1211 125 -2.16877319e+03
18 126 4.34931946e+01
90 126 -2.15584351e+03
93 126 5.28609581e+01
105 126 8.99658356e+01
108 126 -2.29215381e+03
117 126 -2.20796313e+03
120 126 -2.17041309e+03
123 126 -2.08131323e+03
126 126 1.27412471e+04
138 126 4.00197601e+01
1209 126 1.08873512e+02
1212 126 -2.16877319e+03
16 127 -2.01638977e+03
19 127 -2.11461987e+03
115 127 8.28045120e+01
127 127 8.27192188e+03
130 127 -2.09354590e+03
133 127 4.53731384e+01
136 127 -2.17554321e+03
17 128 -2.01638977e+03
20 128 -2.11461987e+03
116 128 8.28045120e+01
128 128 8.27192188e+03
131 128 -2.09354590e+03
134 128 4.53731384e+01
137 128 -2.17554321e+03
18 129 -2.01638977e+03
21 129 -2.11461987e+03
117 129 8.28045120e+01
129 129 8.27192188e+03
132 129 -2.09354590e+03
135 129 4.53731384e+01
138 129 -2.17554321e+03
16 130 2.75049191e+01
94 130 4.69327736e+01
97 130 -2.10756592e+03
127 130 -2.09354590e+03
130 130 8.24546973e+03
133 130 -2.08972388e+03
136 130 -2.07662109e+03
1081 130 4.75496101e+01
17 131 2.75049191e+01
95 131 4.69327736e+01
98 131 -2.10756592e+03
128 131 -2.09354590e+03
131 131 8.24546973e+03
134 131 -2.08972388e+03
137 131 -2.07662109e+03
1082 131 4.75496101e+01
18 132 2.75049191e+01
96 132 4.69327736e+01
99 132 -2.10756592e+03
129 132 -2.09354590e+03
132 132 8.24546973e+03
135 132 -2.08972388e+03
138 132 -2.07662109e+03
1083 132 4.75496101e+01
94 133 -2.22496680e+03
97 133 -2.11070020e+03
100 133 6.14459610e+01
127 133 4.53731384e+01
130 133 -2.08972388e+03
133 133 1.25643857e+04
136 133 -2.12406738e+03
943 133 4.05206528e+01
1081 133 -2.21703564e+03
1084 133 -2.10794287e+03
1210 133 6.79350967e+01
1420 133 9.47736282e+01
95 134 -2.22496680e+03
98 134 -2.11070020e+03
101 134 6.14459610e+01
128 134 4.53731384e+01
131 134 -2.08972388e+03
134 134 1.25643857e+04
137 134 -2.12406738e+03
944 134 4.05206528e+01
1082 134 -2.21703564e+03
1085 134 -2.10794287e+03
1211 134 6.79350967e+01
1421 134 9.47736282e+01
96 135 -2.22496680e+03
99 135 -2.11070020e+03
102 135 6.14459610e+01
129 135 4.53731384e+01
132 135 -2.08972388e+03
135 135 1.25643857e+04
138 135 -2.12406738e+03
945 135 4.05206528e+01
1083 135 -2.21703564e+03
1086 135 -2.10794287e+03
1212 135 6.79350967e+01
1422 135 9.47736282e+01
16 136 -2.01003479e+03
19 136 7.54505615e+01
97 136 5.44295654e+01
115 136 -2.23828223e+03
121 136 4.77182007e+01
124 136 4.00197601e+01
127 136 -2.17554321e+03
130 136 -2.07662109e+03
133 136 -2.12406738e+03
136 136 1.44816475e+04
1081 136 -2.08523901e+03
1084 136 3.43985939e+01
1207 136 4.54511871e+01
1210 136 -2.06932837e+03
17 137 -2.01003479e+03
20 137 7.54505615e+01
98 137 5.44295654e+01
116 137 -2.23828223e+03
122 137 4.77182007e+01
125 137 4.00197601e+01
128 137 -2.17554321e+03
131 137 -2.07662109e+03
134 137 -2.12406738e+03
137 137 1.44816475e+04
1082 137 -2.08523901e+03
1085 137 3.43985939e+01
1208 137 4.54511871e+01
1211 137 -2.06932837e+03
18 138 -2.01003479e+03
21 138 7.54505615e+01
99 138 5.44295654e+01
117 138 -2.23828223e+03
123 138 4.77182007e+01
126 138 4.00197601e+01
129 138 -2.17554321e+03
132 138 -2.07662109e+03
135 138 -2.12406738e+03
138 138 1.44816475e+04
1083 138 -2.08523901e+03
1086 138 3.43985939e+01
1209 138 4.54511871e+01
1212 138 -2.06932837e+03
139 139 8.27689160e+03
748 139 -2.10880786e+03
1246 139 -2.09798560e+03
1423 139 -2.15898926e+03
1495 139 7.18659058e+01
1513 139 4.63794174e+01
1696 139 7.91892242e+01
1702 139 -2.10854395e+03
140 140 8.27689160e+03
749 140 -2.10880786e+03
1247 140 -2.09798560e+03
1424 140 -2.15898926e+03
1496 140 7.18659058e+01
1514 140 4.63794174e+01
1697 140 7.91892242e+01
1703 140 -2.10854395e+03
141 141 8.27689160e+03
750 141 -2.10880786e+03
1248 141 -2.09798560e+03
1425 141 -2.15898926e+03
1497 141 7.18659058e+01
1515 141 4.63794174e+01
1698 141 7.91892242e+01
1704 141 -2.10854395e+03
142 142 8.31621777e+03
145 142 -2.17873413e+03
148 142 -2.11206494e+03
151 142 7.41481400e+01
154 142 9.20308304e+01
190 142 -2.10861450e+03
376 142 5.15165634e+01
379 142 -2.13449976e+03
143 143 8.31621777e+03
146 143 -2.17873413e+03
149 143 -2.11206494e+03
152 143 7.41481400e+01
155 143 9.20308304e+01
191 143 -2.10861450e+03
377 143 5.15165634e+01
380 143 -2.13449976e+03
144 144 8.31621777e+03
147 144 -2.17873413e+03
150 144 -2.11206494e+03
153 144 7.41481400e+01
156 144 9.20308304e+01
192 144 -2.10861450e+03
378 144 5.15165634e+01
381 144 -2.13449976e+03
142 145 -2.17873413e+03
145 145 1.27184658e+04
148 145 -2.08416846e+03
151 145 -2.19853394e+03
154 145 -2.24023413e+03
157 145 7.35867310e+01
190 145 5.59859009e+01
379 145 -2.12610303e+03
382 145 5.39689331e+01
568 145 -2.15694873e+03
571 145 3.98713570e+01
730 145 4.28434830e+01
143 146 -2.17873413e+03
146 146 1.27184658e+04
149 146 -2.08416846e+03
152 146 -2.19853394e+03
155 146 -2.24023413e+03
158 146 7.35867310e+01
191 146 5.59859009e+01
380 146 -2.12610303e+03
383 146 5.39689331e+01
569 146 -2.15694873e+03
572 146 3.98713570e+01
731 146 4.28434830e+01
144 147 -2.17873413e+03
147 147 1.27184658e+04
150 147 -2.08416846e+03
153 147 -2.19853394e+03
156 147 -2.24023413e+03
159 147 7.35867310e+01
192 147 5.59859009e+01
381 147 -2.12610303e+03
384 147 5.39689331e+01
570 147 -2.15694873e+03
573 147 3.98713570e+01
732 147 4.28434830e+01
142 148 -2.11206494e+03
145 148 -2.08416846e+03
148 148 8.31340039e+03
151 148 -2.24333521e+03
379 148 5.05459404e+01
568 148 8.41233368e+01
571 148 5.34582405e+01
730 148 -2.06195923e+03
143 149 -2.11206494e+03
146 149 -2.08416846e+03
149 149 8.31340039e+03
152 149 -2.24333521e+03
380 149 5.05459404e+01
569 149 8.41233368e+01
572 149 5.34582405e+01
731 149 -2.06195923e+03
144 150 -2.11206494e+03
147 150 -2.08416846e+03
150 150 8.31340039e+03
153 150 -2.24333521e+03
381 150 5.05459404e+01
570 150 8.41233368e+01
573 150 5.34582405e+01
732 150 -2.06195923e+03
142 151 7.41481400e+01
145 151 -2.19853394e+03
148 151 -2.24333521e+03
151 151 1.09142246e+04
154 151 7.09220886e+01
568 151 -2.36638721e+03
571 151 -2.24836353e+03
574 151 9.20777359e+01
730 151 -2.16889868e+03
1240 151 7.41457901e+01
143 152 7.41481400e+01
146 152 -2.19853394e+03
149 152 -2.24333521e+03
152 152 1.09142246e+04
155 152 7.09220886e+01
569 152 -2.36638721e+03
572 152 -2.24836353e+03
575 152 9.20777359e+01
731 152 -2.16889868e+03
1241 152 7.41457901e+01
144 153 7.41481400e+01
147 153 -2.19853394e+03
150 153 -2.24333521e+03
153 153 1.09142246e+04
156 153 7.09220886e+01
570 153 -2.36638721e+03
573 153 -2.24836353e+03
576 153 9.20777359e+01
732 153 -2.16889868e+03
1242 153 7.41457901e+01
142 154 9.20308304e+01
145 154 -2.24023413e+03
151 154 7.09220886e+01
154 154 1.26941934e+04
157 154 -2.18224023e+03
187 154 -2.14458667e+03
376 154 4.89371490e+01
379 154 -2.20897314e+03
382 154 -2.13599121e+03
568 154 -2.14115479e+03
574 154 5.45312424e+01
1102 154 4.87508392e+01
1453 154 4.38137474e+01
143 155 9.20308304e+01
146 155 -2.24023413e+03
152 155 7.09220886e+01
155 155 1.26941934e+04
158 155 -2.18224023e+03
188 155 -2.14458667e+03
377 155 4.89371490e+01
380 155 -2.20897314e+03
383 155 -2.13599121e+03
569 155 -2.14115479e+03
575 155 5.45312424e+01
1103 155 4.87508392e+01
1454 155 4.38137474e+01
144 156 9.20308304e+01
147 156 -2.24023413e+03
153 156 7.09220886e+01
156 156 1.26941934e+04
159 156 -2.18224023e+03
189 156 -2.14458667e+03
378 156 4.89371490e+01
381 156 -2.20897314e+03
384 156 -2.13599121e+03
570 156 -2.14115479e+03
576 156 5.45312424e+01
1104 156 4.87508392e+01
1455 156 4.38137474e+01
145 157 7.35867310e+01
154 157 -2.18224023e+03
157 157 1.27258887e+04
187 157 -2.19195752e+03
382 157 4.75366783e+01
568 157 -2.18448730e+03
571 157 4.11297836e+01
574 157 -2.08773706e+03
577 157 -2.34267651e+03
580 157 6.31212883e+01
742 157 7.15889740e+01
1453 157 -2.13273706e+03
1714 157 9.89820557e+01
146 158 7.35867310e+01
155 158 -2.18224023e+03
158 158 1.27258887e+04
188 158 -2.19195752e+03
383 158 4.75366783e+01
569 158 -2.18448730e+03
572 158 4.11297836e+01
575 158 -2.08773706e+03
578 158 -2.34267651e+03
581 158 6.31212883e+01
743 158 7.15889740e+01
1454 158 -2.13273706e+03
1715 158 9.89820557e+01
147 159 7.35867310e+01
156 159 -2.18224023e+03
159 159 1.27258887e+04
189 159 -2.19195752e+03
384 159 4.75366783e+01
570 159 -2.18448730e+03
573 159 4.11297836e+01
576 159 -2.08773706e+03
579 159 -2.34267651e+03
582 159 6.31212883e+01
744 159 7.15889740e+01
1455 159 -2.13273706e+03
1716 159 9.89820557e+01
160 160 1.27186582e+04
163 160 1.03805992e+02
166 160 -2.29075317e+03
169 160 -2.18756787e+03
250 160 -2.05886035e+03
319 160 3.01526203e+01
745 160 -2.09219141e+03
796 160 -2.21286670e+03
799 160 5.47792244e+01
1222 160 4.43805199e+01
1237 160 -2.23153003e+03
1279 160 3.72495728e+01
1303 160 8.47436523e+01
161 161 1.27186582e+04
164 161 1.03805992e+02
167 161 -2.29075317e+03
170 161 -2.18756787e+03
251 161 -2.05886035e+03
320 161 3.01526203e+01
746 161 -2.09219141e+03
797 161 -2.21286670e+03
800 161 5.47792244e+01
1223 161 4.43805199e+01
1238 161 -2.23153003e+03
1280 161 3.72495728e+01
1304 161 8.47436523e+01
162 162 1.27186582e+04
165 162 1.03805992e+02
168 162 -2.29075317e+03
171 162 -2.18756787e+03
252 162 -2.05886035e+03
321 162 3.01526203e+01
747 162 -2.09219141e+03
798 162 -2.21286670e+03
801 162 5.47792244e+01
1224 162 4.43805199e+01
1239 162 -2.23153003e+03
1281 162 3.72495728e+01
1305 162 8.47436523e+01
160 163 1.03805992e+02
163 163 1.12593818e+04
166 163 -2.66911450e+03
169 163 -2.18961719e+03
193 163 -2.29291064e+03
199 163 -2.41166235e+03
202 163 1.14781754e+02
745 163 1.07566734e+02
1222 163 4.69454803e+01
1276 163 1.00737175e+02
1279 163 -2.16991577e+03
161 164 1.03805992e+02
164 164 1.12593818e+04
167 164 -2.66911450e+03
170 164 -2.18961719e+03
194 164 -2.29291064e+03
200 164 -2.41166235e+03
203 164 1.14781754e+02
746 164 1.07566734e+02
1223 164 4.69454803e+01
1277 164 1.00737175e+02
1280 164 -2.16991577e+03
162 165 1.03805992e+02
165 165 1.12593818e+04
168 165 -2.66911450e+03
171 165 -2.18961719e+03
195 165 -2.29291064e+03
201 165 -2.41166235e+03
204 165 1.14781754e+02
747 165 1.07566734e+02
1224 165 4.69454803e+01
1278 165 1.00737175e+02
1281 165 -2.16991577e+03
160 166 -2.29075317e+03
163 166 -2.66911450e+03
166 166 1.12552080e+04
169 166 -2.18983667e+03
193 166 9.60536194e+01
199 166 9.71791534e+01
250 166 6.02116737e+01
592 166 5.98881035e+01
745 166 -2.38465161e+03
796 166 7.58549881e+01
1279 166 -2.11003906e+03
161 167 -2.29075317e+03
164 167 -2.66911450e+03
167 167 1.12552080e+04
170 167 -2.18983667e+03
194 167 9.60536194e+01
200 167 9.71791534e+01
251 167 6.02116737e+01
593 167 5.98881035e+01
746 167 -2.38465161e+03
797 167 7.58549881e+01
1280 167 -2.11003906e+03
162 168 -2.29075317e+03
165 168 -2.66911450e+03
168 168 1.12552080e+04
171 168 -2.18983667e+03
195 168 9.60536194e+01
201 168 9.71791534e+01
252 168 6.02116737e+01
594 168 5.98881035e+01
747 168 -2.38465161e+03
798 168 7.58549881e+01
1281 168 -2.11003906e+03
160 169 -2.18756787e+03
163 169 -2.18961719e+03
166 169 -2.18983667e+03
169 169 1.28458242e+04
193 169 -2.27018091e+03
196 169 6.97665863e+01
199 169 7.35684128e+01
250 169 -2.25925757e+03
745 169 5.67977524e+01
1204 169 3.97372818e+01
1222 169 -2.11427466e+03
1237 169 9.21447144e+01
1279 169 3.28956718e+01
161 170 -2.18756787e+03
164 170 -2.18961719e+03
167 170 -2.18983667e+03
170 170 1.28458242e+04
194 170 -2.27018091e+03
197 170 6.97665863e+01
200 170 7.35684128e+01
251 170 -2.25925757e+03
746 170 5.67977524e+01
1205 170 3.97372818e+01
1223 170 -2.11427466e+03
1238 170 9.21447144e+01
1280 170 3.28956718e+01
162 171 -2.18756787e+03
165 171 -2.18961719e+03
168 171 -2.18983667e+03
171 171 1.28458242e+04
195 171 -2.27018091e+03
198 171 6.97665863e+01
201 171 7.35684128e+01
252 171 -2.25925757e+03
747 171 5.67977524e+01
1206 171 3.97372818e+01
1224 171 -2.11427466e+03
1239 171 9.21447144e+01
1281 171 3.28956718e+01
172 172 1.25877529e+04
178 172 -2.10990918e+03
352 172 -2.26911621e+03
559 172 -2.26769556e+03
724 172 6.18830414e+01
727 172 -2.13104712e+03
1087 172 -2.15266406e+03
1096 172 4.52005272e+01
1150 172 5.42955399e+01
1273 172 5.44180794e+01
1363 172 -2.03935254e+03
1369 172 8.31719742e+01
1636 172 8.30626526e+01
173 173 1.25877529e+04
179 173 -2.10990918e+03
353 173 -2.26911621e+03
560 173 -2.26769556e+03
725 173 6.18830414e+01
728 173 -2.13104712e+03
1088 173 -2.15266406e+03
1097 173 4.52005272e+01
1151 173 5.42955399e+01
1274 173 5.44180794e+01
1364 173 -2.03935254e+03
1370 173 8.31719742e+01
1637 173 8.30626526e+01
174 174 1.25877529e+04
180 174 -2.10990918e+03
354 174 -2.26911621e+03
561 174 -2.26769556e+03
726 174 6.18830414e+01
729 174 -2.13104712e+03
1089 174 -2.15266406e+03
1098 174 4.52005272e+01
1152 174 5.42955399e+01
1275 174 5.44180794e+01
1365 174 -2.03935254e+03
1371 174 8.31719742e+01
1638 174 8.30626526e+01
175 175 1.28497295e+04
178 175 2.84976234e+01
205 175 -2.22823901e+03
415 175 -2.16235449e+03
418 175 4.02850189e+01
562 175 1.53729675e+02
565 175 -1.96419360e+03
1090 175 6.33813438e+01
1096 175 -2.20542212e+03
1273 175 6.40154953e+01
1282 175 -2.00824475e+03
1480 175 -2.63118628e+03
176 176 1.28497295e+04
179 176 2.84976234e+01
206 176 -2.22823901e+03
416 176 -2.16235449e+03
419 176 4.02850189e+01
563 176 1.53729675e+02
566 176 -1.96419360e+03
1091 176 6.33813438e+01
1097 176 -2.20542212e+03
1274 176 6.40154953e+01
1283 176 -2.00824475e+03
1481 176 -2.63118628e+03
177 177 1.28497295e+04
180 177 2.84976234e+01
207 177 -2.22823901e+03
417 177 -2.16235449e+03
420 177 4.02850189e+01
564 177 1.53729675e+02
567 177 -1.96419360e+03
1092 177 6.33813438e+01
1098 177 -2.20542212e+03
1275 177 6.40154953e+01
1284 177 -2.00824475e+03
1482 177 -2.63118628e+03
172 178 -2.10990918e+03
175 178 2.84976234e+01
178 178 1.44933164e+04
352 178 -2.17811914e+03
562 178 4.34247208e+01
565 178 -2.14962573e+03
595 178 -2.04276306e+03
724 178 -2.23771045e+03
727 178 -2.03375952e+03
1087 178 4.22937965e+01
1096 178 -2.03304285e+03
1273 178 4.78322525e+01
1363 178 3.07823544e+01
